1980.042
1980.125
1980.208
1980.292
1980.375
1980.458
1980.542
1980.625
1980.708
1980.792
1980.875
1980.958
1981.042
1981.125
1981.208
1981.292
1981.375
1981.458
1981.542
1981.625
1981.708
1981.792
1981.875
1981.958
1982.042
1982.125
1982.208
1982.292
1982.375
1982.458
1982.542
1982.625
1982.708
1982.792
1982.875
1982.958
1983.042
1983.125
1983.208
1983.292
1983.375
1983.458
1983.542
1983.625
1983.708
1983.792
1983.875
1983.958
1984.042
1984.125
1984.208
1984.292
1984.375
1984.458
1984.542
1984.625
1984.708
1984.792
1984.875
1984.958
1985.042
1985.125
1985.208
1985.292
1985.375
1985.458
1985.542
1985.625
1985.708
1985.792
1985.875
1985.958
1986.042
1986.125
1986.208
1986.292
1986.375
1986.458
1986.542
1986.625
1986.708
1986.792
1986.875
1986.958
1987.042
1987.125
1987.208
1987.292
1987.375
1987.458
1987.542
1987.625
1987.708
1987.792
1987.875
1987.958
1988.042
1988.125
1988.208
1988.292
1988.375
1988.458
1988.542
1988.625
1988.708
1988.792
1988.875
1988.958
1989.042
1989.125
1989.208
1989.292
1989.375
1989.458
1989.542
1989.625
1989.708
1989.792
1989.875
1989.958
1990.042
1990.125
1990.208
1990.292
1990.375
1990.458
1990.542
1990.625
1990.708
1990.792
1990.875
1990.958
1991.042
1991.125
1991.208
1991.292
1991.375
1991.458
1991.542
1991.625
1991.708
1991.792
1991.875
1991.958
1992.042
1992.125
1992.208
1992.292
1992.375
1992.458
1992.542
1992.625
1992.708
1992.792
1992.875
1992.958
1993.042
1993.125
1993.208
1993.292
1993.375
1993.458
1993.542
1993.625
1993.708
1993.792
1993.875
1993.958
1994.042
1994.125
1994.208
1994.292
1994.375
1994.458
1994.542
1994.625
1994.708
1994.792
1994.875
1994.958
1995.042
1995.125
1995.208
1995.292
1995.375
1995.458
1995.542
1995.625
1995.708
1995.792
1995.875
1995.958
1996.042
1996.125
1996.208
1996.292
1996.375
1996.458
1996.542
1996.625
1996.708
1996.792
1996.875
1996.958
1997.042
1997.125
1997.208
1997.292
1997.375
1997.458
1997.542
1997.625
1997.708
1997.792
1997.875
1997.958
1998.042
1998.125
1998.208
1998.292
1998.375
1998.458
1998.542
1998.625
1998.708
1998.792
1998.875
1998.958
1999.042
1999.125
1999.208
1999.292
1999.375
1999.458
1999.542
1999.625
1999.708
1999.792
1999.875
1999.958
2000.042
2000.125
2000.208
2000.292
2000.375
2000.458
2000.542
2000.625
2000.708
2000.792
2000.875
2000.958
2001.042
2001.125
2001.208
2001.292
2001.375
2001.458
2001.542
2001.625
2001.708
2001.792
2001.875
2001.958
2002.042
2002.125
2002.208
2002.292
2002.375
2002.458
2002.542
2002.625
2002.708
2002.792
2002.875
2002.958
2003.042
2003.125
2003.208
2003.292
2003.375
2003.458
2003.542
2003.625
2003.708
2003.792
2003.875
2003.958
2004.042
2004.125
2004.208
2004.292
2004.375
2004.458
2004.542
2004.625
2004.708
2004.792
2004.875
2004.958
2005.042
2005.125
2005.208
2005.292
2005.375
2005.458
2005.542
2005.625
2005.708
2005.792
2005.875
2005.958
2006.042
2006.125
2006.208
2006.292
2006.375
2006.458
2006.542
2006.625
2006.708
2006.792
2006.875
2006.958
2007.042
2007.125
2007.208
2007.292
2007.375
2007.458
2007.542
2007.625
2007.708
2007.792
2007.875
2007.958
2008.042
2008.125
2008.208
2008.292
2008.375
2008.458
2008.542
2008.625
2008.708
2008.792
2008.875
2008.958
2009.042
2009.125
2009.208
2009.292
2009.375
2009.458
2009.542
2009.625
2009.708
2009.792
2009.875
2009.958
2010.042
2010.125
2010.208
2010.292
2010.375
2010.458
2010.542
2010.625
2010.708
2010.792
2010.875
2010.958
2011.042
2011.125
2011.208
2011.292
2011.375
2011.458
2011.542
2011.625
2011.708
2011.792
2011.875
2011.958
2012.042
2012.125
2012.208
2012.292
2012.375
2012.458
2012.542
2012.625
2012.708
2012.792
2012.875
2012.958
2013.042
2013.125
2013.208
2013.292
2013.375
2013.458
2013.542
2013.625
2013.708
2013.792
2013.875
2013.958
2014.042
2014.125
2014.208
2014.292
2014.375
2014.458
2014.542
2014.625
2014.708
2014.792
2014.875
2014.958
2015.042
2015.125
2015.208
2015.292
