338.45
339.17
339.49
339.87
340.3
339.86
338.32
337.11
336.95
337.71
338.83
339.55
340.1
340.66
341.29
341.57
341.28
340.48
339.1
337.98
337.86
338.95
340.06
340.64
341.27
341.86
342.13
342.42
342.27
341.39
339.66
338.02
338.08
339.53
340.85
341.68
342.28
342.65
342.94
343.41
343.72
343.41
342.05
340.54
340.48
341.67
342.71
343.37
344.22
344.73
344.85
345.09
345.24
344.46
343.1
342.13
342.03
342.89
344.07
344.91
345.26
345.72
346.57
346.85
346.67
346.17
344.87
343.39
343.33
344.57
345.71
346.45
347.01
347.24
347.62
348.15
348.25
347.68
346.22
344.86
344.76
345.93
347.25
347.68
347.92
348.48
349.22
349.91
350.2
349.41
347.89
346.63
346.67
347.93
349.2
350.16
350.89
351.47
351.86
352.32
352.46
351.77
350.31
349.11
349.28
350.46
351.64
352.52
353.04
353.48
354.03
354.41
354.25
353.31
351.55
350.2
350.53
351.8
352.98
353.84
354.39
354.8
355.11
355.44
355.35
354.26
352.65
351.52
351.73
353.13
354.36
355.09
355.65
356.05
356.61
357.14
357.02
356.13
354.45
352.94
352.86
353.89
355.04
355.88
356.46
356.83
357.2
357.67
357.73
356.82
355.12
353.53
353.45
354.71
355.89
356.65
357.12
357.47
357.88
358.32
358.25
357.23
355.61
354.33
354.38
355.62
356.84
357.74
358.36
358.9
359.24
359.58
359.6
358.66
357.16
355.95
355.9
357.13
358.6
359.48
360.03
360.5
360.97
361.43
361.32
360.49
358.86
357.57
357.9
359.28
360.63
361.5
362.01
362.36
362.68
363
363.15
362.75
361.48
359.96
359.57
360.55
361.66
362.52
363.15
363.5
363.88
364.37
364.42
363.52
361.82
360.27
360.27
361.8
363.49
364.55
365.05
365.37
365.84
366.46
366.7
366.12
364.66
363.59
363.87
365.22
366.49
367.33
367.98
368.36
368.74
369.13
369.06
368.19
366.47
365.13
365.32
366.63
367.92
368.75
369.26
369.55
369.87
370.22
370.13
369.19
367.76
366.59
366.57
367.82
369.2
370.01
370.52
370.98
371.37
371.71
371.63
370.71
369.3
368.15
368.19
369.54
370.9
371.82
372.34
372.72
373.22
373.56
373.55
372.69
371.26
370.18
370.49
371.76
373.12
374.13
374.78
375.31
375.75
376.22
376.36
375.51
373.96
372.73
372.93
374.23
375.51
376.34
376.99
377.52
377.94
378.3
378.23
377.35
375.81
374.36
374.25
375.57
377.02
378
378.59
379.03
379.66
380.17
380.27
379.43
377.75
376.51
376.59
377.92
379.4
380.38
381.1
381.75
382.16
382.48
382.43
381.56
379.87
378.31
378.42
379.82
381.18
382.15
382.82
383.35
383.81
384.1
383.96
383.08
381.39
380.13
380.5
381.89
383.21
384.21
384.97
385.49
385.9
386.31
386.29
385.35
383.82
382.5
382.29
383.43
384.92
386.01
386.77
387.21
387.43
387.73
387.71
386.74
384.87
383.5
383.71
385.24
386.77
387.7
388.44
389.14
389.47
389.76
389.72
388.8
387.21
386.09
386.53
388.09
389.5
390.22
390.74
391.19
391.5
391.89
391.9
390.97
389.04
387.73
388.15
389.73
391.1
391.9
392.42
393.02
393.54
393.81
393.69
392.66
390.88
389.77
390.37
391.96
393.37
394.19
394.9
395.52
396.07
396.53
396.58
395.8
394.28
393.08
393.07
394.34
395.77
396.72
397.42
397.85
398.1
398.43
398.49
397.52
395.89
394.79
394.9
396.18
397.69
398.62
399.31
400.01
400.59
401.24